28 157
64 115
94 103
74 151
20 148
17 53
53 91
58 90
28 59
52 139
93 126
0 155
66 97
123 145
46 118
31 66
67 101
12 114
97 121
5 41
45 61
88 156
70 91
22 132
106 116
35 71
50 159
50 111
84 128
139 153
117 146
83 94
0 145
63 139
36 152
67 106
13 91
47 110
8 78
19 29
21 151
1 46
19 106
13 130
58 106
15 138
54 87
50 127
84 138
26 40
17 130
87 139
23 26
106 119
41 144
40 52
50 137
133 153
112 158
4 138
123 150
104 133
121 123
41 89
10 71
95 155
0 96
113 149
5 140
6 71
37 156
17 107
10 60
137 157
11 113
54 104
99 107
35 149
154 158
54 78
