0 59
96 120
31 106
111 131
149 154
16 103
23 65
88 150
14 130
51 111
14 91
50 90
10 155
94 105
44 106
21 28
7 71
116 142
31 79
42 126
7 55
70 101
10 41
87 142
2 64
94 111
27 46
61 106
13 81
19 56
20 103
77 80
8 18
58 140
91 145
2 97
30 71
67 128
91 111
22 28
88 137
40 89
54 55
66 129
36 68
7 26
63 138
6 23
45 115
71 116
42 125
143 152
75 84
104 140
50 122
6 86
18 113
63 73
29 51
17 129
33 143
89 150
16 144
16 96
115 126
27 153
117 133
137 154
38 126
45 117
110 148
3 11
49 123
55 99
2 53
32 70
54 112
48 55
49 53
2 108
