237 268
104 235
54 143
151 234
20 148
17 173
133 171
130 218
188 259
172 179
93 246
0 235
66 137
105 203
166 198
226 271
227 261
172 234
17 121
1 125
61 245
116 168
81 201
30 171
52 62
146 236
191 235
10 279
10 151
4 48
19 193
66 237
3 94
0 25
63 99
112 196
186 227
11 173
70 127
88 198
219 269
21 191
126 241
106 259
130 213
66 98
15 98
47 134
47 50
44 258
106 120
10 137
139 207
63 66
26 79
1 224
40 52
57 90
93 153
72 198
98 164
110 163
13 144
121 243
41 89
50 191
55 155
0 56
29 73
5 220
71 126
77 236
147 177
50 60
97 157
113 131
174 224
147 259
75 109
34 118
158 254
53 165
29 227
206 273
122 232
13 94
62 124
66 150
9 137
112 239
160 180
165 228
82 208
38 163
43 174
66 100
1 176
150 188
203 221
3 265
121 179
1 84
74 127
178 232
9 277
21 194
27 261
113 165
96 202
146 234
243 246
91 216
34 178
193 215
124 209
117 240
238 267
137 180
46 223
95 185
190 269
38 233
52 171
159 161
127 238
55 209
81 203
93 122
83 216
11 14
139 222
61 172
69 232
120 194
102 124
52 164
145 265
70 102
146 264
55 122
