130 174
14 21
190 201
140 178
136 204
14 135
192 196
70 107
176 278
86 274
111 120
103 140
159 199
170 278
135 175
5 115
155 250
0 137
54 236
65 278
57 190
89 106
53 64
136 187
81 193
110 279
21 42
76 101
6 117
40 97
245 246
113 243
91 267
4 232
63 203
177 195
63 201
5 67
78 198
92 216
98 211
12 275
99 260
60 86
29 273
42 90
175 247
92 232
176 259
88 244
180 238
91 148
156 164
16 75
3 6
67 167
51 88
117 180
98 136
219 245
97 268
27 148
177 254
6 198
219 272
119 216
75 218
48 202
86 181
205 221
148 241
75 264
97 166
244 270
7 200
233 234
183 211
28 126
19 188
2 68
53 195
252 267
22 83
44 106
38 120
206 253
154 238
115 180
81 110
141 146
39 171
62 86
180 188
37 238
88 180
24 234
149 187
49 256
11 28
9 116
238 279
69 119
60 249
107 260
206 231
120 141
82 236
98 135
138 273
183 232
36 172
83 259
83 223
123 167
5 87
58 173
57 153
117 156
67 200
89 152
154 229
72 102
155 168
100 167
119 171
115 187
38 232
67 278
79 262
106 237
163 245
79 130
133 211
91 92
133 263
158 215
163 205
72 125
55 176
75 85
