78 178
52 118
91 195
188 237
131 142
119 154
23 26
143 170
61 81
57 166
4 69
76 152
112 143
5 133
26 60
33 156
141 207
65 77
23 196
60 146
27 187
56 173
17 156
64 189
18 222
80 139
93 126
124 182
56 141
71 201
144 181
88 182
37 108
14 80
43 172
33 52
71 201
19 130
163 221
7 127
27 113
59 100
136 190
7 211
67 117
128 210
41 172
8 125
150 154
33 75
130 182
31 93
97 105
63 84
28 237
128 234
146 237
226 229
99 177
52 161
161 206
183 207
15 146
3 137
5 130
173 225
21 177
19 26
132 153
15 236
8 203
76 210
99 114
76 123
173 229
157 235
85 152
67 102
136 178
81 112
103 116
132 151
17 42
48 86
115 127
8 231
8 162
16 164
158 197
85 146
115 231
58 134
65 72
98 122
157 197
61 98
102 132
29 125
82 144
66 87
65 81
11 36
144 203
36 221
67 225
151 221
101 238
32 152
81 191
21 202
93 191
195 229
7 96
8 92
133 144
54 67
29 168
71 115
36 104
28 226
