94 130
21 174
41 190
98 100
44 96
55 134
76 232
70 107
118 136
6 154
191 200
180 183
39 79
78 130
95 215
205 235
50 235
0 97
76 94
65 78
137 230
26 49
93 184
16 147
41 153
119 190
82 101
156 181
126 237
17 40
165 206
123 233
147 171
72 124
123 223
57 195
103 161
67 205
118 238
12 136
58 131
132 195
219 220
166 220
193 229
82 130
127 135
32 132
19 176
128 204
60 198
28 171
4 116
136 195
83 86
27 207
8 11
20 157
98 176
45 139
137 228
27 188
174 177
118 206
59 112
79 96
75 178
42 168
126 181
5 181
1 28
24 75
46 217
70 164
40 127
233 234
131 223
148 166
59 228
28 42
53 115
27 212
83 102
66 204
78 120
6 173
34 38
115 180
161 190
101 146
39 91
6 102
108 140
118 237
100 168
74 224
107 189
49 176
11 188
116 129
118 119
39 109
140 209
100 107
71 126
40 181
162 196
175 218
178 193
23 152
156 212
59 203
83 223
47 83
5 127
53 98
137 153
196 237
27 40
89 232
