28 237
195 224
23 174
71 154
20 148
17 133
53 171
138 170
59 188
132 219
13 206
75 160
66 97
145 203
38 206
191 226
101 227
34 92
17 41
165 201
125 141
88 156
121 201
11 70
182 212
36 186
71 115
50 239
111 210
164 208
153 219
66 117
14 163
0 65
59 223
116 152
67 186
11 173
30 207
8 238
19 189
71 101
1 206
19 186
13 50
138 186
15 218
87 214
130 207
4 218
186 200
97 130
7 139
23 26
39 106
121 224
132 200
130 137
213 233
112 158
164 218
203 230
24 53
121 203
89 121
10 71
155 175
0 16
69 193
85 140
71 86
37 156
97 107
10 60
157 217
113 171
24 54
107 179
115 229
74 238
54 158
85 133
69 147
33 166
82 192
173 174
44 222
26 150
17 209
112 159
40 100
108 205
42 88
3 238
3 94
26 180
201 216
28 70
21 163
3 145
121 139
201 204
87 194
58 72
89 157
74 141
147 181
85 193
56 122
34 66
6 163
91 216
138 154
153 175
4 89
0 77
107 198
17 100
166 223
135 225
