110 114
1 94
1 130
200 258
56 184
14 95
32 76
70 227
136 158
166 214
120 231
140 223
79 139
198 250
95 255
35 225
35 110
0 177
74 256
5 258
50 217
149 166
124 233
56 187
13 21
10 139
42 181
16 141
26 217
0 177
125 206
13 143
11 247
4 72
35 177
21 23
27 125
18 158
196 252
58 71
55 212
120 199
106 200
29 153
162 230
135 147
112 132
139 216
84 88
78 240
71 128
196 224
76 175
43 246
107 247
231 248
77 160
116 238
179 225
57 188
8 27
17 134
78 206
152 219
59 216
38 75
108 242
41 86
165 181
88 201
55 204
66 157
164 230
60 167
193 254
23 171
86 188
119 148
28 122
13 115
247 252
43 222
4 226
78 140
73 206
34 138
75 160
10 241
126 241
139 251
86 142
48 180
38 57
60 128
114 144
67 69
189 216
51 248
16 189
139 158
159 209
69 140
87 200
106 251
141 180
62 116
255 258
13 18
12 43
52 196
119 123
63 183
203 207
67 125
58 133
113 197
56 217
200 207
189 192
74 109
12 22
115 128
20 47
99 131
167 175
98 152
47 78
22 239
117 126
43 65
