88 197
124 175
63 194
231 254
148 240
133 177
31 253
150 218
99 128
159 232
73 166
40 255
137 246
125 223
98 146
46 211
107 141
172 254
61 237
81 165
65 141
76 228
41 181
50 131
122 172
46 76
131 155
70 179
110 171
164 188
59 193
37 66
83 134
100 145
83 259
136 232
6 107
93 231
67 170
168 258
69 219
81 91
81 106
19 86
110 213
38 66
15 38
7 94
90 207
4 138
20 146
30 197
7 39
3 46
199 246
61 244
52 200
90 217
93 133
18 132
64 158
90 123
33 204
43 201
89 181
191 230
140 236
9 213
0 65
171 186
77 176
67 217
90 200
57 77
113 151
64 114
159 207
169 175
98 254
234 258
125 193
9 187
46 113
202 212
33 94
44 142
46 70
17 209
159 232
120 140
125 128
128 162
23 38
34 143
0 246
56 61
70 188
123 221
3 185
119 201
84 181
147 174
52 98
49 197
41 94
107 181
113 205
36 142
214 226
223 246
16 211
58 94
13 175
84 169
180 237
58 167
37 240
86 103
75 125
30 129
73 218
11 192
59 181
167 218
9 175
83 201
73 202
16 23
34 71
179 182
