68 197
75 104
63 134
34 71
140 148
17 53
51 173
10 178
68 179
132 179
13 46
40 155
106 137
25 83
6 78
66 71
61 187
132 154
161 177
1 85
141 165
88 116
41 161
150 171
92 142
116 186
155 191
10 39
50 191
124 128
99 193
77 106
134 163
80 185
59 63
32 36
27 186
13 171
87 110
48 198
59 189
61 71
81 166
139 186
50 53
18 186
15 98
47 134
50 167
124 178
0 66
10 97
7 139
26 143
26 159
41 104
0 172
130 137
13 33
72 158
138 164
123 190
24 93
3 161
41 89
90 111
15 195
56 160
29 153
45 100
86 151
36 77
17 187
20 130
157 177
51 113
104 174
19 67
149 195
194 198
54 198
45 93
69 107
46 113
122 192
13 14
22 124
26 190
89 177
32 39
40 180
148 165
82 128
38 163
14 83
66 140
161 176
68 150
43 61
43 185
