38 58
132 198
35 51
77 108
51 142
79 114
23 146
10 63
81 181
57 86
84 109
32 196
112 143
125 173
106 140
153 156
47 141
37 145
63 196
26 60
16 93
97 196
29 144
62 98
59 80
86 93
22 124
56 61
41 111
21 64
62 88
37 188
40 174
3 92
52 113
71 161
50 139
61 83
107 113
19 20
136 150
91 127
37 107
48 50
92 121
45 88
154 190
75 113
90 142
31 173
17 145
84 103
77 188
8 114
146 157
106 149
19 177
52 81
81 86
23 87
55 146
123 137
130 165
105 133
61 137
66 179
12 153
36 95
43 168
130 196
114 179
36 83
173 189
35 157
5 152
142 187
58 176
81 192
23 76
12 191
42 97
46 48
127 195
48 71
128 162
4 56
118 197
45 146
35 191
134 138
65 192
2 138
138 141
12 62
149 165
122 184
26 127
1 105
51 196
43 144
