39 160
80 156
146 151
51 71
9 114
16 63
83 85
50 88
110 174
71 171
91 114
30 90
110 135
54 125
4 126
101 108
71 127
102 176
91 119
86 142
127 155
81 110
1 90
7 82
2 104
54 171
146 147
21 66
121 153
116 119
100 103
17 140
38 88
78 100
91 125
102 117
51 70
107 168
31 111
2 128
8 77
9 20
75 174
86 129
28 56
146 147
23 38
83 126
55 65
36 91
2 25
72 103
64 95
120 144
42 70
6 126
133 138
13 143
49 111
9 97
103 113
50 149
24 176
96 156
46 135
7 173
113 117
37 54
138 146
77 125
48 70
11 143
29 43
35 59
2 153
90 152
12 174
8 15
33 69
102 108
5 106
57 178
8 71
29 38
3 159
61 97
52 65
33 93
57 141
91 154
