18 178
52 58
135 151
117 128
11 82
154 179
23 146
23 110
1 21
166 177
4 129
92 136
112 143
13 65
0 146
36 93
21 27
17 65
16 83
60 86
27 127
56 173
36 77
9 124
78 162
80 139
66 93
122 124
81 176
11 81
121 144
62 148
48 97
14 20
52 103
93 112
131 141
79 130
43 161
7 127
53 87
59 160
130 136
67 91
117 127
8 150
41 112
68 125
30 154
135 153
10 122
91 153
37 165
123 144
88 177
8 174
57 146
46 49
39 57
41 172
146 161
3 27
15 86
63 137
10 65
105 173
81 117
26 79
12 93
15 176
128 143
16 90
99 174
76 123
109 113
55 97
25 152
127 162
16 118
21 172
56 163
132 151
42 137
48 86
55 127
68 111
8 102
16 44
77 98
26 85
