138 218
98 112
71 95
168 197
102 171
199 214
126 183
123 170
81 201
37 86
44 109
172 216
72 183
13 125
46 60
33 116
127 141
205 217
3 96
40 146
167 187
13 216
56 97
49 164
2 18
139 160
66 153
2 4
81 116
91 101
61 144
82 88
28 177
0 54
123 212
153 212
61 71
130 159
41 63
127 173
0 39
70 216
7 111
167 197
70 108
21 112
28 205
54 170
73 155
62 70
13 211
17 205
43 64
17 148
74 208
86 117
26 29
79 197
61 112
161 186
167 203
66 75
17 163
205 210
85 93
37 161
39 146
72 113
16 115
28 203
110 216
19 194
136 203
89 133
95 197
25 192
22 187
116 118
61 192
36 43
51 172
157 162
108 126
147 155
128 211
2 8
16 164
197 198
146 165
35 171
54 58
32 85
42 138
57 117
58 181
2 212
5 169
144 162
166 187
41 105
156 191
44 203
41 56
25 27
81 91
121 138
92 152
41 211
141 182
53 111
