88 197
24 75
23 114
171 214
140 148
97 173
91 93
38 190
148 199
139 212
146 193
140 195
77 86
5 203
78 186
106 211
141 147
134 212
121 197
185 201
121 205
88 196
91 150
12 82
116 126
71 115
10 19
31 150
64 168
59 133
126 197
14 83
40 125
43 59
152 196
6 107
191 193
107 210
168 198
119 189
131 141
1 206
26 39
10 113
178 206
15 198
54 127
10 107
44 58
0 6
150 177
207 219
66 183
159 166
4 181
132 160
157 210
13 73
72 118
24 58
90 183
73 164
1 63
89 141
10 111
135 175
140 176
133 209
125 200
111 166
17 176
97 107
90 200
17 77
31 113
54 104
127 159
15 69
54 98
138 214
105 213
49 167
33 126
12 102
174 213
142 184
66 170
129 137
79 92
120 140
8 25
62 88
163 198
134 183
140 186
41 216
208 210
121 163
63 145
1 79
4 121
7 194
58 72
129 157
101 194
101 207
133 145
156 202
166 194
26 123
